0 1 22
0 5 2
0 8 3
0 9 11
0 10 2
0 13 61
0 19 53
0 25 3
0 32 11
0 34 5
0 35 99
0 37 1
0 40 20
0 41 6
0 43 3
0 44 3
0 45 1
0 46 1
0 47 28
0 48 2
1 0 11
1 5 2
1 6 1
1 7 9
1 8 14
1 9 15
1 10 2
1 11 1
1 12 5
1 13 32
1 19 9
1 24 3
1 25 7
1 28 1
1 32 23
1 34 2
1 35 7
1 39 2
1 40 30
1 41 17
1 42 2
1 43 17
1 44 3
1 45 3
1 47 19
1 48 2
2 32 1
2 42 1
3 5 1
3 10 2
3 39 1
4 7 1
4 9 1
5 0 1
5 1 1
5 6 12
5 7 6
5 8 1
5 9 10
5 10 7
5 11 2
5 12 8
5 16 2
5 19 2
5 20 1
5 21 1
5 22 4
5 23 4
5 24 3
5 25 4
5 29 3
5 30 4
5 32 4
5 37 9
5 39 17
5 40 4
5 41 2
5 42 1
5 43 1
5 44 6
5 45 5
5 46 2
5 47 8
5 48 4
6 0 1
6 5 4
6 7 5
6 8 1
6 9 6
6 12 8
6 19 1
6 20 1
6 22 3
6 23 2
6 24 1
6 26 1
6 27 3
6 28 2
6 29 2
6 30 1
6 32 1
6 34 1
6 37 3
6 38 2
6 39 24
6 40 1
6 41 1
6 42 2
6 44 6
6 45 2
6 47 2
6 48 4
7 1 8
7 5 9
7 6 5
7 8 1
7 9 5
7 10 1
7 12 12
7 13 3
7 16 1
7 19 1
7 20 1
7 23 4
7 24 14
7 27 1
7 28 1
7 29 2
7 32 3
7 33 1
7 34 1
7 35 1
7 37 2
7 39 7
7 40 4
7 41 19
7 42 1
7 43 8
7 44 7
7 45 4
7 47 3
7 48 10
8 0 4
8 1 5
8 4 1
8 5 1
8 6 1
8 7 5
8 9 49
8 10 1
8 13 5
8 17 1
8 19 9
8 24 5
8 25 12
8 26 1
8 30 3
8 31 2
8 32 24
8 34 1
8 37 1
8 39 1
8 40 14
8 41 23
8 43 32
8 44 23
8 45 14
8 47 11
8 48 10
9 0 3
9 1 6
9 3 1
9 5 12
9 6 1
9 7 4
9 8 59
9 10 14
9 12 1
9 19 7
9 22 3
9 23 6
9 24 1
9 25 16
9 26 3
9 32 20
9 35 1
9 37 3
9 39 5
9 40 1
9 41 29
9 42 2
9 43 19
9 44 6
9 45 14
9 46 4
9 47 8
9 48 4
10 1 1
10 5 9
10 6 4
10 9 1
10 13 3
10 16 1
10 23 1
10 25 2
10 32 1
10 35 2
10 38 1
10 39 8
10 41 1
10 42 2
10 43 2
10 44 3
10 45 3
10 46 1
10 47 6
10 48 1
11 13 1
11 24 1
11 39 2
11 40 1
11 41 2
12 1 2
12 5 2
12 6 7
12 16 1
12 17 1
12 20 2
12 23 2
12 24 3
12 27 2
12 28 2
12 29 1
12 32 1
12 34 2
12 37 1
12 38 13
12 39 8
12 40 2
12 41 1
12 42 24
12 44 5
12 47 2
12 48 10
13 0 19
13 1 55
13 4 1
13 5 1
13 7 2
13 8 11
13 9 11
13 19 26
13 21 1
13 24 1
13 25 6
13 26 1
13 32 17
13 33 2
13 34 3
13 35 8
13 40 45
13 41 8
13 43 16
13 44 4
13 45 1
13 47 43
14 6 1
15 5 1
16 5 1
16 38 1
16 39 1
16 42 1
16 47 1
16 48 2
17 42 2
18 5 1
19 0 70
19 1 20
19 5 1
19 6 2
19 7 3
19 8 4
19 9 12
19 11 1
19 12 1
19 13 34
19 24 2
19 25 3
19 30 1
19 32 14
19 35 59
19 39 1
19 40 19
19 41 5
19 43 4
19 44 6
19 45 2
19 47 48
19 48 2
20 7 1
20 10 4
20 12 2
20 39 1
20 42 1
20 44 1
21 1 1
21 29 1
21 40 1
21 45 1
22 1 1
22 5 3
22 6 1
22 7 2
22 8 1
22 9 1
22 23 2
22 37 2
22 39 4
22 48 2
23 1 1
23 5 8
23 6 2
23 9 1
23 25 2
23 39 3
23 40 2
23 42 4
23 44 1
23 45 1
23 48 3
24 1 4
24 2 1
24 5 13
24 6 4
24 7 2
24 8 5
24 12 2
24 21 2
24 25 1
24 26 2
24 29 1
24 30 3
24 32 18
24 33 1
24 37 5
24 39 6
24 40 4
24 41 3
24 43 1
24 44 5
24 45 3
24 47 1
25 0 1
25 1 1
25 5 4
25 6 2
25 7 5
25 8 9
25 9 19
25 10 3
25 11 1
25 12 2
25 13 2
25 19 2
25 24 3
25 26 1
25 32 9
25 33 1
25 37 1
25 39 2
25 40 4
25 41 18
25 42 1
25 43 9
25 44 1
25 45 1
25 46 1
25 47 8
25 48 1
26 1 1
26 5 1
26 6 1
26 7 1
26 13 1
26 24 2
26 26 7
26 39 2
26 40 1
26 41 4
26 43 3
26 44 1
27 12 1
27 29 1
27 38 2
27 39 1
27 45 1
28 6 1
28 38 11
29 6 5
29 24 6
29 28 3
29 32 1
29 37 1
29 38 1
29 39 2
29 40 1
29 47 1
30 1 1
30 5 3
30 6 3
30 13 1
30 24 1
30 32 1
30 37 2
30 39 6
30 40 1
30 41 1
30 43 2
30 44 2
31 8 1
31 9 2
31 31 3
32 0 3
32 1 4
32 5 14
32 6 2
32 7 1
32 8 35
32 9 36
32 10 4
32 13 3
32 19 3
32 22 2
32 24 11
32 25 9
32 28 1
32 30 3
32 35 1
32 39 2
32 40 11
32 41 8
32 43 13
32 44 16
32 45 3
32 47 9
32 48 4
33 7 2
33 13 1
33 40 1
33 45 1
34 0 2
34 1 11
34 7 1
34 13 8
34 35 1
34 38 1
34 39 1
34 40 2
34 42 2
34 44 1
34 46 1
34 48 1
35 0 83
35 1 41
35 7 1
35 8 3
35 9 9
35 13 70
35 19 113
35 24 1
35 25 2
35 32 3
35 34 13
35 40 6
35 41 1
35 43 3
35 44 4
35 47 52
36 10 1
37 0 1
37 1 1
37 5 4
37 6 2
37 8 1
37 9 1
37 10 1
37 12 3
37 13 1
37 22 1
37 24 5
37 29 1
37 30 2
37 39 5
37 44 1
37 45 1
37 46 1
37 48 1
39 1 1
39 5 5
39 6 23
39 7 11
39 9 2
39 10 2
39 12 20
39 15 1
39 16 1
39 19 2
39 20 4
39 22 1
39 23 3
39 24 1
39 25 1
39 26 1
39 27 1
39 28 1
39 29 2
39 30 4
39 35 1
39 38 1
39 40 2
39 41 5
39 42 5
39 43 2
39 44 4
39 45 7
39 47 3
39 48 8
40 0 6
40 1 24
40 5 2
40 6 3
40 7 7
40 8 15
40 9 16
40 11 1
40 12 1
40 13 22
40 19 7
40 24 4
40 25 6
40 30 1
40 31 1
40 32 15
40 35 5
40 37 1
40 39 1
40 41 15
40 43 13
40 44 13
40 45 3
40 46 1
40 47 25
40 48 2
41 0 2
41 1 4
41 5 6
41 6 2
41 7 22
41 8 26
41 9 7
41 10 1
41 18 1
41 19 4
41 24 5
41 25 6
41 26 3
41 29 2
41 30 1
41 32 8
41 34 1
41 35 1
41 39 2
41 40 7
41 42 1
41 43 62
41 44 10
41 45 2
41 47 12
41 48 3
42 6 1
42 7 1
42 12 1
42 16 2
42 25 1
42 38 53
42 39 4
42 44 1
42 45 1
42 47 2
42 48 3
43 0 3
43 1 4
43 5 5
43 7 11
43 8 32
43 9 11
43 10 1
43 13 4
43 19 3
43 22 2
43 23 2
43 24 8
43 25 20
43 26 3
43 29 2
43 32 13
43 33 1
43 34 3
43 39 2
43 40 7
43 41 31
43 44 10
43 45 12
43 46 2
43 47 4
43 48 1
44 0 2
44 1 3
44 3 1
44 5 10
44 6 2
44 7 8
44 8 23
44 9 22
44 10 2
44 12 10
44 13 2
44 19 2
44 22 1
44 23 2
44 24 4
44 25 8
44 27 2
44 28 1
44 29 4
44 30 1
44 32 4
44 37 3
44 39 9
44 40 1
44 41 5
44 42 2
44 43 9
44 45 8
44 46 6
44 47 7
44 48 4
45 0 1
45 3 2
45 5 5
45 6 1
45 7 12
45 8 6
45 9 8
45 10 2
45 12 4
45 13 3
45 19 1
45 22 1
45 23 1
45 24 4
45 25 3
45 26 2
45 30 4
45 32 3
45 36 1
45 37 1
45 39 2
45 40 1
45 41 8
45 42 3
45 43 11
45 44 11
45 47 2
45 48 3
46 5 5
46 7 2
46 9 6
46 10 2
46 20 1
46 24 1
46 39 1
46 47 2
47 0 15
47 1 27
47 2 1
47 5 3
47 6 8
47 7 11
47 8 11
47 9 11
47 10 1
47 11 1
47 12 4
47 13 63
47 14 1
47 19 17
47 20 1
47 22 1
47 24 3
47 25 5
47 26 1
47 29 1
47 32 15
47 35 2
47 37 1
47 39 3
47 40 31
47 41 7
47 42 4
47 43 8
47 44 12
47 45 8
47 48 5
48 1 1
48 5 6
48 6 3
48 7 7
48 8 4
48 9 3
48 10 1
48 12 13
48 19 1
48 22 2
48 30 2
48 32 1
48 34 1
48 38 4
48 39 4
48 40 1
48 42 12
48 43 2
48 44 5
48 45 8
48 47 6
